shape_id,shape_pt_lat,shape_pt_lon,shape_pt_sequence,shape_dist_traveled
p_177169,41.2943997698909,-92.6484891756158,1,0
p_177169,41.294394,-92.648929,2,36.84513675
p_177169,41.294391,-92.649825,3,111.8945838
p_177169,41.295225,-92.649831,4,204.51966241
p_177169,41.295308,-92.649832,5,213.73799135
p_177169,41.295277,-92.648958,6,287.02389309
p_177169,41.295267,-92.648301,7,342.06449458
p_177169,41.295286,-92.648144,8,355.38281818
p_177169,41.295321,-92.648037,9,365.15163834
p_177169,41.295362,-92.647968,10,372.50925957
p_177169,41.295431,-92.6479,11,382.05718461
p_177169,41.295499,-92.64787,12,390.01629511
p_177169,41.295632,-92.647856,13,404.83369717
p_177169,41.295682,-92.647811,14,411.54501792
p_177169,41.295703,-92.647755,15,416.78331265
p_177169,41.295703,-92.647637,16,426.66676158
p_177169,41.295707,-92.647427,17,444.26155884
p_177169,41.295708,-92.647089,18,472.57199286
p_177169,41.295697,-92.647037,19,477.09549934
p_177169,41.295674,-92.646981,20,482.43639342
p_177169,41.295639,-92.646947,21,487.25503118
p_177169,41.295547,-92.646938,22,497.50028674
p_177169,41.295468,-92.646925,23,506.341305
p_177169,41.29542,-92.646889,24,512.46585652
p_177169,41.295385,-92.646842,25,517.99818203
p_177169,41.29534,-92.646783,26,525.02653388
p_177169,41.295311,-92.646691,27,533.37831252
p_177169,41.295316,-92.646313,28,565.04390997
p_177169,41.295314,-92.645752,29,612.03297484
p_177169,41.295314,-92.645312,30,648.88673217
p_177169,41.295314,-92.645108,31,665.97347421
p_177169,41.295317,-92.644508,32,716.22970113
p_177169,41.295321,-92.643893,33,767.74311446
p_177169,41.296237,-92.643893,34,869.47373499
p_177169,41.296679,-92.6439,35,918.56559818
p_177169,41.29695,-92.643904,36,948.6646278
p_177169,41.29712,-92.643906,37,967.54551204
p_177169,41.298495,-92.643907,38,1120.25257943
p_177169,41.298497,-92.643446,39,1158.86402847
p_177169,41.298499,-92.642872,40,1206.93960525
p_177169,41.2985,-92.6427,41,1221.34580121
p_177169,41.298496,-92.641533,42,1319.08827291
p_177169,41.298498,-92.640946,43,1368.25264713
p_177169,41.2985,-92.640498,44,1405.77530489
p_177169,41.298501,-92.640364,45,1416.99895243
p_177169,41.298503,-92.639772,46,1466.58209097
p_177169,41.298505,-92.63919,47,1515.32769195
p_177169,41.298509,-92.638158,48,1601.76343088
p_177169,41.298509,-92.638024,49,1612.98652748
p_177169,41.298514,-92.636687,50,1724.96760266
p_177169,41.298518,-92.635682,51,1809.14199041
p_177169,41.298519,-92.635499,52,1824.46945531
p_177169,41.298523,-92.63451,53,1907.3037846
p_177169,41.298527,-92.633332,54,2005.96750532
p_177169,41.298528,-92.633187,55,2018.11240526
p_177169,41.298533,-92.631896,56,2126.24079346
p_177169,41.299689,-92.631881,57,2254.63194622
p_177169,41.299745,-92.63188,58,2260.85185364
p_177169,41.3004181709435,-92.6318702244865,59,2335.61850801
p_177169,41.3010329847989,-92.631870194083,60,2403.89956586
p_177169,41.3010254881917,-92.6305197274184,61,2517.00587177
p_177169,41.3002500356868,-92.6305275909215,62,2603.12993061
p_177169,41.3000370159666,-92.630529706095,63,2626.78850304
p_177169,41.300035326706,-92.6305275909215,64,2627.04653319
p_177169,41.299838,-92.630528,65,2648.96160669
p_177169,41.299781,-92.630564,66,2655.97337084
p_177169,41.299752,-92.630639,67,2663.03239996
p_177169,41.299742,-92.630723,68,2670.154762
p_177169,41.299745,-92.63188,69,2767.05740876
p_177169,41.298533,-92.631896,70,2901.66842876
p_177169,41.298527,-92.633332,71,3021.94162952
p_177169,41.298523,-92.634383,72,3109.96865825
p_177169,41.298523,-92.63451,73,3120.60547141
p_177169,41.2985060504369,-92.6356853175121,74,3219.06153439
p_177169,41.297154,-92.635667,75,3369.22764584
p_177169,41.297153,-92.636733,76,3458.51180947
p_177169,41.297152,-92.638017,77,3566.05481162
p_177169,41.297149,-92.638608,78,3615.55584125
p_177169,41.297144,-92.639006,79,3648.89543174
p_177169,41.297142,-92.639197,80,3664.89440784
p_177169,41.297144,-92.63978,81,3713.72477745
p_177169,41.297142,-92.640361,82,3762.3876364
p_177169,41.297137,-92.640936,83,3810.55065508
p_177169,41.297133,-92.641364,84,3846.40106542
p_177169,41.297132,-92.641529,85,3860.22128683
p_177169,41.298496,-92.641533,86,4011.70704553
p_177169,41.298692,-92.641532,87,4033.4749047
p_177169,41.2989642620984,-92.6415302627847,88,4063.71259858
p_177169,41.2989648710158,-92.6415260229227,89,4064.07408544
p_177169,41.299287,-92.641532,90,4099.85313417
p_177169,41.300348,-92.641531,91,4217.68751368
p_177169,41.301532,-92.641536,92,4349.18289996
p_177169,41.30166,-92.641537,93,4363.39879364
p_177169,41.302865,-92.641558,94,4497.23735443
p_177169,41.30419,-92.641562,95,4644.39194343
p_177169,41.304239,-92.641572,96,4649.89793644
p_177169,41.304287,-92.641581,97,4655.28182682
p_177169,41.304358,-92.641616,98,4663.69424083
p_177169,41.304417,-92.641642,99,4670.59907838
p_177169,41.304482,-92.641651,100,4677.85720646
p_177169,41.304894,-92.641642,101,4723.62005216
p_177169,41.305073,-92.64163,102,4743.52514261
p_177169,41.305295,-92.6416,103,4768.30809604
p_177169,41.305591,-92.641558,104,4801.36943336
p_177169,41.305805,-92.641556,105,4825.13682531
p_177169,41.307426,-92.641564,106,5005.16607119
p_177169,41.308255,-92.641571,107,5097.23656366
p_177169,41.308348,-92.641572,108,5107.56547122
p_177169,41.308353,-92.641572,109,5108.12077058
p_177169,41.310943,-92.641598,110,5395.774146
p_177169,41.310972,-92.641598,111,5398.99488377
p_177169,41.311047,-92.641609,112,5407.37515484
p_177169,41.311218,-92.641633,113,5426.47244395
p_177169,41.311375,-92.641665,114,5444.11355263
p_177169,41.311516,-92.641714,115,5460.30164358
p_177169,41.311784,-92.641836,116,5491.77013479
p_177169,41.312028,-92.641992,117,5521.85298745
p_177169,41.312326,-92.642223,118,5560.18700776
p_177169,41.312707,-92.642602,119,5613.07976853
p_177169,41.313666,-92.64353,120,5744.92046066
p_177169,41.312616,-92.645436,121,5942.58391239
p_177169,41.312555,-92.645546,122,5954.01801315
p_177169,41.312486,-92.645731,123,5971.30103121
p_177169,41.31134,-92.645678,124,6098.65307895
p_177169,41.310844,-92.645657,125,6153.76686347
p_177169,41.310377,-92.645637,126,6205.65887771
p_177169,41.310329,-92.645635,127,6210.99238363
p_177169,41.310277,-92.645633,128,6216.76992691
p_177169,41.309738,-92.645615,129,6276.65018982
p_177169,41.308597,-92.645561,130,6403.45018132
p_177169,41.307753,-92.645517,131,6497.25710391
p_177169,41.307741,-92.646944,132,6616.76527265
p_177169,41.3077415840901,-92.6480038050377,133,6705.51616856
p_177169,41.3077426213329,-92.648001652646,134,6705.73008232
p_177169,41.307743,-92.648282,135,6729.20714711
p_177169,41.307741,-92.648899,136,6780.87683313
p_177169,41.307739,-92.649504,137,6831.54161849
p_177169,41.307741,-92.650662,138,6928.51585241
p_177169,41.307613,-92.65066,139,6942.73250106
p_177169,41.306203,-92.65064,140,7099.33583894
p_177169,41.305663,-92.650631,141,7159.31288088
p_177169,41.305121,-92.650633,142,7219.5075339
p_177169,41.30441,-92.65063,143,7298.47145378
p_177169,41.303494,-92.65063,144,7400.20221924
p_177169,41.303021,-92.65064,145,7452.74016782
p_177169,41.302225,-92.650635,146,7541.14473003
p_177169,41.301808,-92.650632,147,7587.45732737
p_177169,41.301126,-92.650634,148,7663.20025493
p_177169,41.301125,-92.650543,149,7670.82241462
p_177169,41.301118,-92.649847,150,7729.11837113
p_177169,41.300741,-92.649846,151,7770.98797277
p_177169,41.300721,-92.649846,152,7773.20916728
p_177169,41.300133,-92.64985,153,7838.51314157
p_177169,41.29935,-92.649854,154,7925.47353676
p_177169,41.298904,-92.649848,155,7975.00870942
p_177169,41.298476,-92.649841,156,8022.54587037
p_177169,41.2971874100809,-92.6498446209473,157,8165.65656178
p_177169,41.2971790623245,-92.6498483246562,158,8166.63418223
p_177169,41.297099,-92.649846,159,8175.52800792
p_177169,41.297095,-92.650533,160,8233.07027237
p_177169,41.297093,-92.651003,161,8272.43634234
p_177169,41.297091,-92.651571,162,8320.01041936
p_177169,41.29709,-92.652152,163,8368.67293714
p_177169,41.297085,-92.652754,164,8419.0972698
p_177169,41.29708,-92.653334,165,8467.67908419
p_177169,41.297087,-92.653923,166,8517.01765583
p_177169,41.297093,-92.654523,167,8567.27583404
p_177169,41.297094,-92.655546,168,8652.95856309
p_177169,41.297094,-92.655688,169,8664.85195235
p_177169,41.297093,-92.656256,170,8712.42563938
p_177169,41.297086,-92.656862,171,8763.18789125
p_177169,41.297093,-92.657436,172,8811.27027439
p_177169,41.297096,-92.658032,173,8861.19011826
p_177169,41.297094,-92.658633,174,8911.52812124
p_177169,41.297092,-92.659203,175,8959.26970824
p_177169,41.297572,-92.659201,176,9012.57860797
p_177169,41.297983,-92.659199,177,9058.22443892
p_177169,41.298378,-92.659197,178,9102.09333071
p_177169,41.298459,-92.659197,179,9111.08916483
p_177169,41.299349,-92.659215,180,9209.94378502
p_177169,41.299608,-92.659448,181,9244.70309965
p_177169,41.299761,-92.659586,182,9265.25347334
p_177169,41.300081,-92.659892,183,9309.06943374
p_177169,41.30025,-92.660071,184,9333.09085963
p_177169,41.300288,-92.660116,185,9338.7490303
p_177169,41.300351,-92.660189,186,9348.04066777
p_177169,41.300487,-92.66042,187,9372.58511397
p_177169,41.300611,-92.66065,188,9396.26446872
p_177169,41.300676,-92.660777,189,9409.11930138
p_177169,41.300948,-92.661312,190,9463.15827202
p_177169,41.301265,-92.661917,191,9524.85794246
p_177169,41.301552,-92.662467,192,9580.87358902
p_177169,41.302354,-92.664024,193,9738.7890828
p_177169,41.302875,-92.665034,194,9841.27291184
p_177169,41.303322,-92.665889,195,9928.40373277
p_177169,41.303563,-92.66635,196,9975.38198698
p_177169,41.303644,-92.666502,197,9990.96948469
p_177169,41.303673,-92.666571,198,9997.58502502
p_177169,41.303697,-92.666653,199,10004.95147974
p_177169,41.303713,-92.666731,200,10011.72118384
p_177169,41.303727,-92.666801,201,10017.78621531
p_177169,41.303735,-92.666833,202,10020.60958411
p_177169,41.303747,-92.666876,203,10024.44943347
p_177169,41.303759,-92.666915,204,10027.97703178
p_177169,41.303799,-92.666989,205,10035.60210535
p_177169,41.303813,-92.666997,206,10037.29514792
p_177169,41.303826,-92.667007,207,10038.96423739
p_177169,41.303839,-92.667018,208,10040.67688049
p_177169,41.30385,-92.667031,209,10042.31326576
p_177169,41.303861,-92.667046,210,10044.06555611
p_177169,41.30387,-92.667061,211,10045.67090652
p_177169,41.303878,-92.667078,212,10047.34910228
p_177169,41.303883,-92.667092,213,10048.64642017
p_177169,41.303885,-92.667096,214,10049.04835998
p_177169,41.30389,-92.667115,215,10050.73367497
p_177169,41.303894,-92.667135,216,10052.46653685
p_177169,41.303897,-92.667154,217,10054.09224825
p_177169,41.303898,-92.667174,218,10055.77087736
p_177169,41.303898,-92.667195,219,10057.52957607
p_177169,41.303896,-92.667215,220,10059.21919099
p_177169,41.303892,-92.667234,221,10060.87124354
p_177169,41.303887,-92.667253,222,10062.55655848
p_177169,41.303881,-92.667272,223,10064.28165671
p_177169,41.303874,-92.667289,224,10065.90379315
p_177169,41.303865,-92.667305,225,10067.57549085
p_177169,41.303855,-92.66732,226,10069.2522441
p_177169,41.303844,-92.667334,227,10070.94550294
p_177169,41.303832,-92.667346,228,10072.61466551
p_177169,41.303819,-92.667357,229,10074.32730866
p_177169,41.303805,-92.667366,230,10076.05520492
p_177169,41.303791,-92.667373,231,10077.71688723
p_177169,41.303776,-92.667378,232,10079.4346049
p_177169,41.303763,-92.66738,233,10080.88806536
p_177169,41.303761,-92.667381,234,10081.12544856
p_177169,41.303746,-92.667382,235,10082.79344906
p_177169,41.303731,-92.667381,236,10084.46144956
p_177169,41.303716,-92.667378,237,10086.1461855
p_177169,41.303701,-92.667373,238,10087.86390326
p_177169,41.303687,-92.667366,239,10089.52558588
p_177169,41.303673,-92.667358,240,10091.21862893
p_177169,41.30366,-92.667347,241,10092.93127325
p_177169,41.303648,-92.667335,242,10094.60043749
p_177169,41.303637,-92.667321,243,10096.29369887
p_177169,41.30357,-92.66728,244,10104.48873503
p_177169,41.30352,-92.667263,245,10110.22133081
p_177169,41.303446,-92.667242,246,10118.62582645
p_177169,41.303344,-92.667217,247,10130.14578252
p_177169,41.30328,-92.667193,248,10137.53233257
p_177169,41.303234,-92.667171,249,10142.9631702
p_177169,41.30319,-92.667143,250,10148.38331527
p_177169,41.303016,-92.667008,251,10170.77213796
p_177169,41.30281,-92.666888,252,10195.76047152
p_177169,41.3026,-92.666777,253,10220.86743724
p_177169,41.302547,-92.666749,254,10227.20351589
p_177169,41.302384,-92.666672,255,10246.4205654
p_177169,41.302219,-92.666608,256,10265.51322913
p_177169,41.302052,-92.666556,257,10284.56464266
p_177169,41.301888,-92.666505,258,10303.27255694
p_177169,41.301708,-92.66646,259,10323.61546272
p_177169,41.30166,-92.666449,260,10329.0253481
p_177169,41.301549,-92.666424,261,10341.52952085
p_177169,41.29975,-92.66601,262,10544.31228653
p_177169,41.299062,-92.665881,263,10621.48143006
p_177169,41.298341,-92.665715,264,10702.7535026
p_177169,41.298024,-92.665634,265,10738.60711088
p_177169,41.297758,-92.665576,266,10768.54572273
p_177169,41.297497,-92.665526,267,10797.8332437
p_177169,41.296857,-92.665385,268,10869.88582706
p_177169,41.296585,-92.665328,269,10900.46897869
p_177169,41.296532,-92.665329,270,10906.35573572
p_177169,41.296492,-92.665336,271,10910.83664385
p_177169,41.296442,-92.665349,272,10916.49537049
p_177169,41.296401,-92.665373,273,10921.47278462
p_177169,41.296367,-92.665405,274,10926.10333706
p_177169,41.296333,-92.665445,275,10931.15138809
p_177169,41.296302,-92.665491,276,10936.31835394
p_177169,41.29628,-92.66555,277,10941.83106434
p_177169,41.296258,-92.665631,278,10949.04196444
p_177169,41.296257,-92.665794,279,10962.69486135
p_177169,41.296246,-92.667716,280,11123.68110447
p_177169,41.296233,-92.669685,281,11288.60565706
p_177169,41.29687,-92.669685,282,11359.35065051
p_177169,41.29687107089,-92.6691435497923,283,11404.70080691
p_177169,41.2970479064249,-92.6689902836535,284,11428.16335257
p_177169,41.2980472238067,-92.6689902836535,285,11539.14720486
p_177169,41.2980472238067,-92.6698441949892,286,11610.66658547
p_177169,41.2980389990323,-92.6698551425737,287,11611.9608451
p_177169,41.2980307742569,-92.6713768563626,288,11739.41534615
p_177169,41.297892,-92.671357,289,11754.9170377
p_177169,41.297779,-92.671338,290,11767.56727239
p_177169,41.297709,-92.67133,291,11775.37027065
p_177169,41.297632,-92.671327,292,11783.92555555
p_177169,41.296889,-92.671325,293,11866.44305153
p_177169,41.296836,-92.671319,294,11872.35062655
p_177169,41.296788,-92.671311,295,11877.72343523
p_177169,41.296745,-92.671297,296,11882.6408528
p_177169,41.296718,-92.671283,297,11885.8605798
p_177169,41.296788,-92.671099,298,11903.12163108
p_177169,41.296817,-92.671017,299,11910.70734992
p_177169,41.296834,-92.670959,300,11915.91922344
p_177169,41.296855,-92.670868,301,11923.88991873
p_177169,41.296862,-92.670827,302,11927.41083698
p_177169,41.29687,-92.670746,303,11934.25304852
p_177169,41.296872,-92.670643,304,11942.88283193
p_177169,41.29687,-92.669685,305,12023.12191202
p_177169,41.296233,-92.669685,306,12093.86690547
p_177169,41.296127,-92.66968,307,12105.6466736
p_177169,41.296128,-92.669312,308,12136.46963323
p_177169,41.296128,-92.668839,309,12176.08692984
p_177169,41.296143,-92.667612,310,12278.87086933
p_177169,41.296161,-92.666033,311,12411.13901803
p_177169,41.296161,-92.663344,312,12636.36281695
p_177169,41.296176,-92.663149,313,12652.78025768
p_177169,41.296199,-92.662927,314,12671.54903875
p_177169,41.296199,-92.662649,315,12694.83359798
p_177169,41.296197,-92.6618,316,12765.94398476
p_177169,41.296196,-92.660331,317,12888.98367089
p_177169,41.296204,-92.659218,318,12982.20989762
p_177169,41.295757,-92.659222,319,13031.85468421
p_177169,41.295294,-92.659223,320,13083.27535857
p_177169,41.295294,-92.656981,321,13271.06206125
p_177169,41.295294,-92.656865,322,13280.77805479
p_177169,41.295309,-92.65569,323,13379.20845566
p_177169,41.295309,-92.65511,324,13427.78841222
p_177169,41.295308,-92.654524,325,13476.87104608
p_177169,41.295225,-92.654523,326,13486.08937502
p_177169,41.294369,-92.654516,327,13581.15820951
p_177169,41.29391,-92.654511,328,13632.13628515
p_177169,41.293581,-92.654507,329,13668.67642633
p_177169,41.293467,-92.654505,330,13681.33832734
p_177169,41.293031,-92.654505,331,13729.76030441
p_177169,41.292583,-92.654504,332,13779.51506311
p_177169,41.29213,-92.654504,333,13829.82504522
p_177169,41.291796,-92.654503,334,13866.91903134
p_177169,41.291707,-92.654503,335,13876.80333142
p_177169,41.291262,-92.654505,336,13926.22511345
p_177169,41.290815,-92.654505,337,13975.86872677
p_177169,41.289934,-92.654518,338,14073.71822758
p_177169,41.289803,-92.654514,339,14088.27088181
p_177169,41.289566,-92.654521,340,14114.59851643
p_177169,41.288932,-92.654518,341,14185.01068977
p_177169,41.288869,-92.654519,342,14192.00793945
p_177169,41.287138,-92.654518,343,14384.25191565
p_177169,41.286987,-92.654518,344,14401.02189421
p_177169,41.28537,-92.654531,345,14580.60831636
p_177169,41.285269,-92.654532,346,14591.82563129
p_177169,41.285269,-92.654378,347,14604.72642499
p_177169,41.2852651205417,-92.6534483310454,348,14682.60727746
p_177169,41.285268,-92.65345,349,14682.95629507
p_177169,41.285268,-92.653321,350,14693.76280424
p_177169,41.285263,-92.652155,351,14791.44182589
p_177169,41.285272,-92.649779,352,14990.48515721
p_177169,41.285272,-92.649726,353,14994.92504055
p_177169,41.28527,-92.647633,354,15170.25869025
p_177169,41.285274,-92.645931,355,15312.83827757
p_177169,41.285274,-92.645911,356,15314.5137052
p_177169,41.285272,-92.645815,357,15322.55882476
p_177169,41.285263,-92.645656,358,15335.91592666
p_177169,41.28429,-92.645659,359,15443.97703108
p_177169,41.283445,-92.645651,360,15537.82461608
p_177169,41.283385,-92.64565,361,15544.48870606
p_177169,41.282983,-92.645649,362,15589.13465767
p_177169,41.282735,-92.645645,363,15616.67942214
p_177169,41.28248,-92.645641,364,15645.00154509
p_177169,41.282214,-92.645633,365,15674.55093864
p_177169,41.282022,-92.645626,366,15695.88239905
p_177169,41.281838,-92.645616,367,15716.33448679
p_177169,41.281643,-92.645601,368,15738.02748958
p_177169,41.281594,-92.645597,369,15743.47970582
p_177169,41.281323,-92.645569,370,15773.66806394
p_177169,41.281196,-92.645553,371,15787.8361516
p_177169,41.281026,-92.645531,372,15806.80598876
p_177169,41.280853,-92.645506,373,15826.13307354
p_177169,41.280271,-92.64541,374,15891.26805107
p_177169,41.280004,-92.645366,375,15921.14913577
p_177169,41.279348,-92.645246,376,15994.6944253
p_177169,41.278481,-92.645101,377,16091.74613117
p_177169,41.278479,-92.644918,378,16107.07949283
p_177169,41.278475,-92.644519,379,16140.51069387
p_177169,41.27847,-92.644039,380,16180.72896567
p_177169,41.278469,-92.64397,381,16186.51085813
p_177169,41.278463,-92.643294,382,16243.15011736
p_177169,41.278459,-92.64256,383,16304.64631099
p_177169,41.279991,-92.642552,384,16474.79049241
p_177169,41.280053,-92.64255,385,16481.67820888
p_177169,41.280088,-92.642547,386,16485.57340229
p_177169,41.280145,-92.64254,387,16491.93088999
p_177169,41.280176,-92.642533,388,16495.42331889
p_177169,41.280211,-92.642522,389,16499.41814431
p_177169,41.280232,-92.642516,390,16501.80394503
p_177169,41.280283,-92.642496,391,16507.7106087
p_177169,41.280327,-92.642473,392,16512.96340409
p_177169,41.280373,-92.642445,393,16518.58494965
p_177169,41.280593,-92.642299,394,16545.90864054
p_177169,41.280685,-92.64225,395,16556.9199173
p_177169,41.28076,-92.64222,396,16565.6202909
p_177169,41.28088,-92.642181,397,16579.34207784
p_177169,41.280934,-92.642168,398,16585.4373712
p_177169,41.281033,-92.642156,399,16596.4781116
p_177169,41.281156,-92.64215,400,16610.14765616
p_177169,41.281506,-92.642144,401,16649.0216785
p_177169,41.281513,-92.642144,402,16649.79909397
p_177169,41.281595,-92.642142,403,16658.90750222
p_177169,41.2816,-92.640474,404,16798.64711218
p_177169,41.281605,-92.638605,405,16955.22558424
p_177169,41.281611,-92.637693,406,17031.63226556
p_177169,41.28161,-92.637263,407,17067.65614535
p_177169,41.281614,-92.637128,408,17078.97463532
p_177169,41.281618,-92.637065,409,17084.27118969
p_177169,41.281635,-92.636928,410,17095.90275939
p_177169,41.281667,-92.636764,411,17110.0942231
p_177169,41.281703,-92.636583,412,17125.77591108
p_177169,41.281723,-92.636468,413,17135.66287773
p_177169,41.281738,-92.636335,414,17146.92892105
p_177169,41.281747,-92.636134,415,17163.7975158
p_177169,41.281754,-92.632078,416,17503.5934046
p_177169,41.281754,-92.631937,417,17515.4058041
p_177169,41.283964,-92.631922,418,17760.85024917
p_177169,41.28404,-92.631922,419,17769.29076368
p_177169,41.285352,-92.631916,420,17915.0015829
p_177169,41.286082,-92.631918,421,17996.07514329
p_177169,41.287027,-92.631918,422,18101.02632433
p_177169,41.287063,-92.631918,423,18105.0244649
p_177169,41.287159,-92.631916,424,18115.68748948
p_177169,41.287983,-92.631918,425,18207.20064654
p_177169,41.288026,-92.631918,426,18211.97620413
p_177169,41.288491,-92.631916,427,18263.61913586
p_177169,41.28897,-92.631914,428,18316.81689679
p_177169,41.288975,-92.633313,429,18434.00775705
p_177169,41.288977,-92.633868,430,18480.49877644
p_177169,41.288973,-92.634418,431,18526.57257438
p_177169,41.288968,-92.635096,432,18583.36908007
p_177169,41.288959,-92.636614,433,18710.53080205
p_177169,41.288958,-92.636791,434,18725.35791837
p_177169,41.289984,-92.636796,435,18839.30574258
p_177169,41.290427,-92.636802,436,18888.50767762
p_177169,41.290871,-92.636807,437,18937.8198876
p_177169,41.291254,-92.63681,438,18980.35643297
p_177169,41.291321,-92.63681,439,18987.79742231
p_177169,41.291767,-92.636813,440,19037.33061788
p_177169,41.292202,-92.636817,441,19085.64268655
p_177169,41.292636,-92.636821,442,19133.84370197
p_177169,41.293093,-92.636825,443,19184.59903269
p_177169,41.293533,-92.636829,444,19233.4663972
p_177169,41.293978,-92.636828,445,19282.88798583
p_177169,41.2944318823116,-92.6368311182067,446,19333.29664995
p_177169,41.2944255012401,-92.6369641760444,447,19344.46403975
p_177169,41.2944296741579,-92.6369558192581,448,19345.30351899
p_177169,41.294425,-92.637413,449,19383.60034711
p_177169,41.294418,-92.638008,450,19433.44342052
p_177169,41.294405,-92.640927,451,19677.9422297
p_177169,41.294403,-92.641524,452,19727.94726599
p_177169,41.294408,-92.642086,453,19775.02349344
p_177169,41.294414,-92.64268,454,19824.78121412
p_177169,41.294409,-92.643275,455,19874.62132552
p_177169,41.294399,-92.64388,456,19925.30811468
p_177169,41.294402,-92.644508,457,19977.91026644
p_177169,41.294406,-92.644877,458,20008.82078942
p_177169,41.2944018925961,-92.6448857239799,459,20009.68220497
p_177169,41.2944018925961,-92.6450926131036,460,20027.01117718
p_177169,41.292610474621,-92.6450985545555,461,20225.96593721
p_177169,41.2926115517321,-92.6452720166885,462,20240.49596429
p_177169,41.292611,-92.64527,463,20240.67565634
p_177169,41.29261,-92.64572,464,20278.36871888
p_177169,41.292609,-92.646286,465,20325.77814034
p_177169,41.292608,-92.646884,466,20375.86793957
p_177169,41.292607,-92.647461,467,20424.19874201
p_177169,41.292606,-92.648062,468,20474.53982816
p_177169,41.292604,-92.649226,469,20572.03905459
p_177169,41.292603,-92.649595,470,20602.94743454
p_177169,41.292603,-92.649822,471,20621.96141018
p_177169,41.293488,-92.64982,472,20720.24927813
p_177169,41.2934999262679,-92.6492807735288,473,20765.43477231
p_177169,41.2936158890708,-92.6490286821657,474,20790.16778418
p_177169,41.2936809990099,-92.6488078599098,475,20810.02725847
p_177169,41.2936925952708,-92.6483139666116,476,20851.41610972
p_177169,41.2942685401254,-92.6482830982804,477,20915.43254634
p_177169,41.2943690400513,-92.6483396902193,478,20927.55886101
p_177169,41.2943990379746,-92.6485182156309,479,20942.87873909
